
T=8

1.000000
1.090508
1.147203
1.189207
1.222845
1.251033
1.275373
1.296840
T=16

1.000000
1.044274
1.071075
1.090508
1.105823
1.118496
1.129324
1.138789
1.147203
1.154782
1.161681
1.168016
1.173874
1.179324
1.184420
1.189207
T=32

1.000000
1.021897
1.034928
1.044274
1.051581
1.057590
1.062697
1.067140
1.071075
1.074608
1.077813
1.080748
1.083455
1.085967
1.088311
1.090508
1.092576
1.094529
1.096380
1.098139
1.099814
1.101414
1.102945
1.104413
1.105823
1.107179
1.108486
1.109746
1.110964
1.112141
1.113282
1.114387
T=64

1.000000
1.010889
1.017314
1.021897
1.025466
1.028392
1.030872
1.033025
1.034928
1.036633
1.038178
1.039590
1.040891
1.042097
1.043221
1.044274
1.045263
1.046197
1.047082
1.047921
1.048720
1.049483
1.050212
1.050911
1.051581
1.052226
1.052847
1.053445
1.054023
1.054581
1.055122
1.055645
1.056153
1.056646
1.057124
1.057590
1.058043
1.058484
1.058913
1.059332
1.059741
1.060140
1.060530
1.060911
1.061284
1.061648
1.062005
1.062354
1.062697
1.063032
1.063361
1.063684
1.064000
1.064311
1.064616
1.064916
1.065211
1.065500
1.065785
1.066065
1.066340
1.066611
1.066878
1.067140
T=128

1.000000
1.005430
1.008620
1.010889
1.012653
1.014097
1.015319
1.016378
1.017314
1.018152
1.018910
1.019603
1.020241
1.020832
1.021382
1.021897
1.022381
1.022838
1.023270
1.023680
1.024070
1.024443
1.024799
1.025139
1.025466
1.025781
1.026083
1.026375
1.026656
1.026928
1.027191
1.027446
1.027693
1.027933
1.028166
1.028392
1.028612
1.028826
1.029035
1.029239
1.029437
1.029631
1.029820
1.030005
1.030186
1.030363
1.030536
1.030706
1.030872
1.031035
1.031194
1.031350
1.031504
1.031655
1.031803
1.031948
1.032090
1.032231
1.032369
1.032504
1.032637
1.032769
1.032898
1.033025
1.033150
1.033273
1.033395
1.033514
1.033632
1.033748
1.033863
1.033976
1.034087
1.034197
1.034306
1.034413
1.034518
1.034623
1.034726
1.034827
1.034928
1.035027
1.035125
1.035222
1.035318
1.035412
1.035506
1.035598
1.035690
1.035780
1.035869
1.035958
1.036045
1.036132
1.036218
1.036302
1.036386
1.036469
1.036552
1.036633
1.036714
1.036793
1.036872
1.036951
1.037028
1.037105
1.037181
1.037256
1.037331
1.037405
1.037478
1.037551
1.037623
1.037695
1.037765
1.037836
1.037905
1.037974
1.038043
1.038111
1.038178
1.038245
1.038311
1.038377
1.038442
1.038506
1.038570
1.038634
T=256

1.000000
1.002711
1.004301
1.005430
1.006307
1.007024
1.007630
1.008156
1.008620
1.009035
1.009411
1.009754
1.010070
1.010362
1.010634
1.010889
1.011129
1.011354
1.011568
1.011771
1.011964
1.012148
1.012323
1.012492
1.012653
1.012808
1.012958
1.013102
1.013240
1.013375
1.013504
1.013630
1.013752
1.013870
1.013985
1.014097
1.014205
1.014311
1.014414
1.014514
1.014612
1.014707
1.014801
1.014892
1.014981
1.015068
1.015153
1.015237
1.015319
1.015399
1.015477
1.015554
1.015630
1.015704
1.015777
1.015848
1.015919
1.015988
1.016055
1.016122
1.016188
1.016252
1.016316
1.016378
1.016440
1.016500
1.016560
1.016619
1.016677
1.016734
1.016790
1.016846
1.016901
1.016955
1.017008
1.017061
1.017113
1.017164
1.017215
1.017265
1.017314
1.017363
1.017411
1.017459
1.017506
1.017552
1.017598
1.017643
1.017688
1.017733
1.017777
1.017820
1.017863
1.017906
1.017948
1.017989
1.018031
1.018071
1.018112
1.018152
1.018191
1.018230
1.018269
1.018308
1.018346
1.018383
1.018421
1.018458
1.018495
1.018531
1.018567
1.018603
1.018638
1.018673
1.018708
1.018742
1.018776
1.018810
1.018844
1.018877
1.018910
1.018943
1.018975
1.019008
1.019040
1.019071
1.019103
1.019134
1.019165
1.019196
1.019226
1.019257
1.019287
1.019316
1.019346
1.019375
1.019405
1.019434
1.019462
1.019491
1.019519
1.019547
1.019575
1.019603
1.019631
1.019658
1.019685
1.019712
1.019739
1.019766
1.019792
1.019818
1.019844
1.019870
1.019896
1.019922
1.019947
1.019973
1.019998
1.020023
1.020048
1.020072
1.020097
1.020121
1.020145
1.020169
1.020193
1.020217
1.020241
1.020264
1.020288
1.020311
1.020334
1.020357
1.020380
1.020403
1.020425
1.020448
1.020470
1.020492
1.020514
1.020536
1.020558
1.020580
1.020601
1.020623
1.020644
1.020665
1.020687
1.020708
1.020729
1.020749
1.020770
1.020791
1.020811
1.020832
1.020852
1.020872
1.020892
1.020912
1.020932
1.020952
1.020972
1.020991
1.021011
1.021030
1.021049
1.021069
1.021088
1.021107
1.021126
1.021145
1.021163
1.021182
1.021201
1.021219
1.021238
1.021256
1.021274
1.021292
1.021310
1.021328
1.021346
1.021364
1.021382
1.021400
1.021417
1.021435
1.021452
1.021470
1.021487
1.021504
1.021521
1.021539
1.021556
1.021572
1.021589
1.021606
1.021623
1.021640
1.021656
1.021673
1.021689
1.021706
1.021722
1.021738
1.021754
1.021770
1.021786
1.021802
1.021818
1.021834
1.021850
1.021866
1.021882
1.021897